01
0000
1011001
000110
00100
1100
001010
1110111
11110
10111
10101111001
0001000
10010
101101
11100
0011
1011000
00101111001
11010
11011
1000
111110
0010110
100110
0010111101
101010
001011110000
1010110
00010010
10101110
00010011
1010001
101011111
001011111
00101110
1110101
00011110011
1010111101
11101000
00010100
11101100
0001011
111010010
101011110000
11101101
0001110
1010000
111010011
0001111000
00010101
0010111100011
000111101
0010111100010
10101111000100
000111100100
10101111000111
10101111000110
1010111100010111
1010111100010101
1010111100010100
10101111000101100
10101111000101101
000111100101
101001
100111
00011111
111111
