0.184129
0.054136
0.010350
0.013393
0.027143
0.086786
0.013321
0.012086
0.047579
0.041707
0.000614
0.005993
0.033050
0.022050
0.044300
0.059007
0.009493
0.000500
0.043457
0.044943
0.062964
0.025186
0.007243
0.015407
0.000950
0.018079
0.000243
0.003600
0.002021
0.001821
0.000621
0.001407
0.001507
0.001050
0.001421
0.005979
0.001457
0.000071
0.000950
0.002407
0.001621
0.003214
0.000021
0.002550
0.002079
0.004700
0.000221
0.000279
0.003007
0.000000
0.000457
0.000021
0.000007
0.000114
0.000071
0.000029
0.000007
0.000007
0.000014
0.000007
0.000021
0.000000
0.017693
0.017857
0.002814
0.016471
